SYSTEM BREACH DETECTED
 1 010000  11  1000   0 11  011 00  01000 1 0001   0  01 1 11  0
  10 10 00111   0 1111 0 101 00 0011011100  10 10 010   10000   
1  110 1  11 0  01   0 111 0 10 0  1011  1011 10   1  1110  00 0
11 1  1   00  11111110 011 1  01111   1 101  00 10 0 10 10001101
1  10 001 00111110 01  01   0 0 00 11 000 10 1 001     001111   
 001111  00  11 0010 000 1101 1 001 01  1  1  01011 11000010100 
 0 0 0 01   11111  0110 1001  110010 00 01 0 0 1110  1  11 00101
0 0011 1 1 01 10  101110 1100 10100  1 01 1000011 01101    00110
    001   1   0 0 1 01 01   0 0011 1 00 100  0100100 0110  111  
0 010101     0 0000 01  11101 11 11 010  1011 111 110 0 1 000  0
000011 1011101   11101001  101   0 11  11111110 1 0011 0   0 10 
0111    000 0   0 0     101001 0 0 0    10  0000001 0 11 11 0111
 111 00110  1001 1 01  1110   0   0111111000 11 1001 0 0110   1 
    11  0   00 1 100    10 11 0100101  101 1 011 0 100011 0  001
0  1011  1 0  1 00   1 01001010 1 01 01 0 1  0 1 1011 10  101000
1100 01  0 001 00  01001011 111001  1 01 00 111 1 01 0   01   01
00100 10  001  0011  1     11101001 1000 1   100 11 1    1 100 1
010 00  0 11  0 1 1 1 111  1 00  101010 01011 00 00 10  1111   1
0110101110 110 1  11  01101     000 1110   1110 1  001 1  010 0 
0 00 01101 1   00 11110 011011 00101 00 11100  000011010 1 01110
